1012.58
1009.39
993.232
981.348
975.582
965.533
988.271
989.756
991.173
999.609
993.047
992.486
985.375
990.701
964.9
970.925
977.519
934.364
903.217
925.681
927.786
929.887
960.741
949.891
922.906
1013.21
961.827
990.255
951.33
970.922
959.456
872.644
903.441
920.599
758.081
915.379
888.612
973.046
712.937
991.513
1329.24
1097.38
1035.42
1020.85
979.865
1028.76
1064.14
1019
929.424
998.875
1027.61
1008.55
964.247
1068.04
1075.47
1085.64
1067.53
831.116
1014.04
1064.86
927.903
1065.92
807.502
1072.93
984.277
1033.28
932.607
933.423
989.719
984.207
932.611
985.014
948.331
904.088
905.884
925.697
978.626
954.881
1067.93
785.316
558.564
1000.54
967.871
931.14
918.711
1079.59
987.435
1017.37
971.517
557.24
976.599
979.295
1009.52
964.916
1019.38
968.723
1403.74
1131.42
999.706
968.991
952.852
840.343
1001.46
922.579
1000.11
930.619
1225.69
845.071
891.179
930.527
1294.32
1079.64
1080.29
963.922
1065.41
1026.08
785.391
735.73
933.966
959.573
1002.87
1441.28
890.442
1141.3
1478.02
1523.24
1375.88
828.871
1730.59
1390.25
685.949
1111.02
1098.03
831.836
1083.38
1071.08
847.419
895.516
1017.87
848.291
1501.32
979.07
888.933
932.446
934.952
985.382
1091.88
1088.4
980.635
978.392
990.618
1063.06
967.264
997.851
1002.42
1200.79
1000.36
798.882
1000.5
1212.27
921.538
913.743
993.964
1010.69
1074.13
1080.49
1010.91
1004.25
1033.01
1001.25
987.917
1066.38
858.918
972.416
1003.39
1088.4
1110.69
1009.78
1039.35
1006.85
1013.23
920.545
984.542
977.69
850.871
932.53
1010.32
992.032
786.934
923.567
1031.75
955.002
933.175
989.932
955.247
991.686
958.938
971.708
753.395
929.559
992.316
1056.03
1043.9
1009.74
1051.82
993.463
999.812
1190.1
973.848
997.622
1118.05
826.165
685.758
974.239
1072.8
911.42
1087.93
1000.18
900.886
946.709
1015.74
901.359
911.831
854.088
1609.63
1009.23
1052.95
1093.03
1071.82
1098.78
1033.01
940.13
983.869
1045.07
1461.21
1185.73
1099.77
1440.57
1006.93
1022.29
1298.18
1475
1743.83
942.891
1050.93
1053.66
1178.49
930.678
1082.42
1078.93
1107.92
587.312
993.712
1133.04
1126.83
1110.84
1120.59
1123.99
998.957
1108.48
996.368
1097.89
1013.25
1107.98
1284.3
1132.09
1115.65
977.085
1108.63
975.161
1138.99
1122.81
1004.65
1015.24
1005.04
966.013
1086.11
1041.62
1146.52
1115.88
1003.74
851.379
1130.15
989.954
1123.97
782.338
961.875
639.747
983.002
994.304
989.788
1137.62
1123.93
994.502
955.799
1045.13
773.188
1023.28
1388.83
963.521
974.977
843.618
1037.07
987.305
1000.99
1008.01
991.246
974.68
981.497
1101.15
995.898
596.784
1003.37
1134.42
920.224
1068.25
981.075
964.377
1085.29
840.787
1102.2
959.606
957.987
983.009
1074.27
972.924
1026.79
806.911
1005.27
1004.54
1131.71
1046.93
956.609
915.6
942.081
952.951
998.926
1061.82
987.954
1213.87
910.07
856.258
1018.18
962.396
1003.29
970.889
999.91
1111.52
1212.87
1006.59
975.616
987.49
1005.78
1580.18
1010.37
709.722
668.169
976.486
993.5
1092.26
1013.17
1044.97
1016.44
1053.93
940.518
975.181
1339.36
962.544
684.136
993.947
1098.12
1284.15
1024.03
1032.56
983.457
891.231
974.004
1046.83
948.847
1047.95
1052.78
1113.29
961.318
951.593
1102.9
1072.3
895.18
913.361
840.281
742.438
990.922
1134.43
1954.97
924.356
1075.72
1007.31
929.011
963.124
1106.91
942.881
1010.29
1000.44
672.208
1172.16
1000.67
1111.67
1009.2
1077.26
1163.42
1053.66
1129.51
1349.59
961.175
1011.48
1179.53
1124.41
991.152
768.299
990.615
1189.46
939.451
1093.14
995.397
985.024
1240.03
1651.28
792.378
1013.54
1269.35
1312.25
695.812
1438.68
996.507
1002.74
1120.24
847.174
990.333
803.499
1003.92
1192.07
833.3
992.809
574.878
1098.38
1329.33
1094.36
997.366
984.022
973.416
1252.31
1067.12
875.882
948.748
1010.4
983.229
1000.12
1249.16
1027.17
929.702
1073.65
993.483
1066
1651.07
1058.58
1014.85
949.981
1124.7
1047.19
984.769
1039.14
620.453
1146.34
1103.34
1081.46
940.074
1121.9
936.424
992.577
903.759
1036.27
935.593
905.182
1174.19
919.586
1125.75
1021.32
955.328
964.547
1020.19
867.064
965.28
1406.08
849.888
1023.88
1239.35
926.157
992.205
1051.81
1212.28
890.778
1105.76
984.834
1116.2
929.062
1005.96
797.065
1082.36
1097.7
1012.43
848.581
582.775
696.556
998.245
995.037
950.76
958.808
1580.18
1117.93
898.83
1962.07
807.368
899.329
996.967
1267.81
980.44
995.311
1003.63
995.503
962.034
1035.08
910.953
993.484
1040.87
981.693
984.731
770.021
971.372
1009.37
983.536
946.503
1022.69
1091.95
997.719
964.269
1089.8
1019.49
1004.3
965.633
1008.36
996.625
1129.76
1014.39
1008.83
1091.32
904.279
929.209
1006.11
978.677
1241.39
1002.56
1083.68
1031.11
1743.96
981.669
1053.73
954.572
969.166
670.312
995.904
1162.93
988.662
972.584
1045.41
998.87
1511.42
1128.06
1000
985.302
1074.78
756.339
835.213
888.448
906.84
1203.66
947.658
1743.91
917.859
1088.99
997.253
989.235
1052.35
1095.25
1002.48
917.846
902.086
1088.28
1134.06
992.187
940.534
1303.37
1239.25
799.915
1212.29
1001.8
1052.17
906.574
1144.5
773.798
945.982
1642.33
1375.86
1130.89
976.548
1038.18
1009.36
1003.1
1264.27
1099.95
1015.83
999.517
939.895
1034.23
797.288
1139.15
994.345
906.784
1124.26
910.081
1031.42
1086.18
995.51
985.977
746.452
945.161
1073.32
1132.69
911.664
896.229
987.969
1175.92
1146.6
961.391
1047.91
1171.85
1139.75
1000.27
912.252
1089.24
844.853
1477.73
1023.56
1439.93
1237.99
1140.54
939.498
993.154
817.8
999.426
985.957
1181.15
845.109
984.006
1200.92
1006.46
1190.89
922.661
941.952
998.653
1642.33
1007.93
1441.17
977.919
713.693
884.068
1078.93
1326.25
1045.04
992.26
959.525
999.118
1156.49
770.455
1376.05
1212.62
1436.25
945.111
1289.67
987.751
1239.37
1092.53
746.666
906.541
1132
1742.69
1349.24
894.183
965.879
1061.51
841.381
977.495
781.044
948.102
1091.55
817.412
1029.72
1181.07
1303.87
1360.64
992.2
1134.1
1078.99
770.779
1606.66
1225.78
933.376
929.424
1116.93
1073.52
988.594
896.404
996.528
941.886
985.062
1006.95
735.76
1015.67
1212.12
1007.16
930.011
942.742
1313.99
995.9
972.723
907.168
1571.03
976.715
937.148
721.709
726.254
1284.29
968.84
1477.54
1207.26
961.377
995.637
1084.91
1007.12
1087.49
1127.39
848.645
960.568
994.165
1014.62
1013.9
1082.57
1019.34
981.476
654.313
772.155
1326.24
1099.62
1075.4
1030.84
953.302
904.296
1200.04
918.795
1163.36
998.456
1155.71
1326.25
956.496
739.391
1021.04
994.127
996.411
998.357
931.724
1135.49
989.409
1571.23
1000.4
1010.83
727.586
1097.49
1005.57
993.024
1212.28
929.316
1172.14
989.543
1039
985.757
833.516
928.75
750.582
1004.61
1078.13
1075.29
1129.01
928.765
1045.52
721.111
907.259
1326.7
905.032
974.836
916.094
1002.65
939.803
1300.12
1012.73
989.287
716.006
1026.68
1131.97
964.505
932.931
1177.75
1268.54
942.709
996.111
991.543
947.51
1095.28
1092.57
974.435
979.44
1115.76
966.584
941.547
991.4
984.631
997.865
1141.14
960.261
963.846
1252.09
992.189
1523.3
1040.27
998.341
1004.48
1056.5
1089.14
1004.04
1211.95
1886.17
1008.47
938.376
1101.89
993.297
929.083
990.017
1010.61
1461.21
932.935
805.447
1067.15
1007.85
1000.71
1021.43
996.784
1046.66
955.602
994.544
1314.47
1954.96
994.345
863.045
997.453
956.239
1185.07
955.457
928.216
906.46
1206.22
1005.45
990.166
927.136
1168.84
984.162
994.44
983.922
1083.33
1277.93
968.765
949.81
880.089
1251.32
956.89
976.29
586.818
1007.7
770.367
1106.32
1022.13
778.595
1020.33
894.057
946.725
1005.55
1088.03
1003.46
935.784
1165.62
985.276
1035.77
590.813
989.97
1089.23
922.589
964.8
927.919
910.733
983.15
1011.28
997.476
1000.77
982.149
1211.21
994.354
1054.9
905.261
918.182
930.574
991.354
1020.88
1009.96
1001.34
924.131
998.076
972.596
1029.79
1138.67
858.902
1015.2
1212.24
808.961
1054.27
1018.75
1212.91
983.284
1053.47
980.023
1176.36
701.907
1039.58
1001.28
858.565
997.531
1730.59
1212.22
1093.2
947.892
1107.6
955.794
933.531
818.907
1081.07
1019.53
1744.15
1191.39
994.314
996.922
919.235
1019.28
1006.06
977.797
1001.09
940.883
1093.17
890.191
916.036
575.631
1017.9
930.408
1054.2
1031.95
1180.08
1066.62
1299.51
1051.29
983.325
1152.08
1212.29
1012.87
1154.99
1015.17
749.703
995.152
937.504
1121.93
626.066
1147.25
1033.03
1006.42
1030.86
889.732
1954.98
1225.78
1072.32
804.209
938.738
1212.29
1532.31
932.571
919.303
924.651
956.822
1433.62
1067.41
926.837
1429.97
1153.25
1297.15
968.81
909.181
979.188
1199.89
1196.22
995.518
724.745
903.655
1140.54
898.152
993.862
1203.99
938.223
1123.42
968.719
916.578
1109.88
1211.34
1092.81
1075.88
940.923
995.049
934.207
1106.37
913.469
940.457
925.48
686.501
1268.15
903.383
800.362
896.393
1571.01
952.933
1075.12
899.393
993.242
917.197
928.659
996.9
958.259
843.435
1013.92
997.691
1015.93
1010.12
931.076
965.724
958.459
925.204
924.385
932.832
957.837
961.25
952.067
977.073
965.434
1012.29
1076.82
994.558
1015.44
1001.13
988.959
1031.33
903.72
721.687
731.142
1067.01
1120.4
1003.61
935.655
1267.84
1013.5
805.146
1026.3
998.139
992.131
1025.25
1020.21
989.256
1051.8
1018.43
888.18
989.669
984.643
990.813
1030.92
970.789
931.642
870.116
962.629
1001.01
880.061
969.523
844.044
758.115
974.593
826.133
985.334
930.973
942.374
840.802
1001.07
842.576
860.28
945.19
865.915
673.155
856.618
865.114
804.845
745.324
540.842
1090.35
913.41
989.379
931.831
989.496
1115.15
744.339
715.134
934.219
954.897
721.873
717.402
939.303
707.87
964.971
946.748
987.454
717.979
959.426
1071.56
737.907
1068.81
1098.68
1010.59
1075.85
652.946
959.661
984.401
1006.69
1057.66
1020.66
975.645
939.096
1375.86
897.802
896.916
901.212
908.028
989.055
941.956
937.505
984.045
902.554
842.923
950.841
1005.92
1001.21
966.771
964.444
1013.42
936.208
758.161
818.846
928.686
676.136
922.1
937.402
664.969
939.183
950.907
983.805
1003.22
956.212
1003.32
1026.45
994.395
988.286
964.084
847.563
976.847
1016.51
943.893
1015.57
1012.5
1019.15
1008.28
1253.38
636.608
981.151
1004.98
1003.39
1092.39
1007.24
996.655
988.768
777.21
986.71
981.16
981.179
991.904
952.555
789.57
998.482
922.946
918.085
1405.93
906.543
899.87
845.241
1268.6
984.71
848.479
1074.85
738.309
877.786
843.612
838.973
503.716
831.422
828.473
1064.27
1109.07
981.887
839.946
1153.7
766.912
899.374
1110.31
762.187
994.877
1155.47
761.965
737.29
992.53
743.375
982.216
719.054
1067.36
961.958
720.649
1253.32
865.526
1225.67
893.459
731.605
1137.1
716.64
707.615
694.156
806.054
947.299
803.984
1006.74
972.649
705.044
710.255
971.138
874.361
838.306
1102.24
806.842
1053.3
785.737
916.349
1008.14
728.977
993.81
944.72
984.283
988.77
995.893
749.437
717.286
1642.33
688.663
1606.48
1050.73
1523.3
962.05
1493.56
844.482
953.526
1440.95
1408.62
1008.33
801.482
1461.21
1349.01
902.906
1329.55
1493.56
1065.53
1339.36
1277.93
567.654
1239.58
1200.85
1139.9
1130.95
1135.93
993.107
993.634
1002.18
945.785
993.55
1129.05
1013.05
711.979
880.879
1094.64
1079.62
715.293
1055.02
1045.36
715.684
1025.65
945.477
956.892
920.442
904.394
898.701
909.655
931.572
992.146
992.06
998.727
968.471
1067.67
1000.5
1128.74
854.812
939.912
1341.04
958.454
989.588
927.391
919.028
1644.72
923.993
932.249
1001.49
927.343
934.809
725.565
982.148
976.952
1010.35
972.845
984.305
934.469
989.545
984.839
982.271
1116.99
979.004
1090.47
990.211
1007.2
591.13
923.673
1032.06
1005.75
928.158
994.083
1020.7
982.051
982.224
850.452
975.846
963.844
1007.81
1006.43
1001.15
993.768
990.813
673.396
883.917
1016.4
896.496
937.902
665.856
938.751
914.562
988.989
956.846
999.072
634.675
993.886
942.588
993.458
1013.19
1004.47
1019.28
998.745
1000.41
744.405
716.581
983.714
1212.28
947.592
1086.71
909.806
829.583
843.59
826.932
812.346
803.172
1405.94
699.637
801.429
696.236
766.089
994.124
764.997
810.803
732.071
714.534
799.284
711.91
783.954
693.072
670.432
1008.77
706.079
672.157
688.222
743.647
1016
613.361
614.505
630.243
633.511
991.352
1157.64
1077.63
880.875
1087.64
591.442
1063.45
584.618
926.533
985.181
754.18
931.295
1743.94
992.561
919.71
978.906
942.894
990.307
1056.15
993.9
883.523
956.802
1017.13
1097.26
895.955
1003.71
995.169
744.274
1068.75
1460.86
992.639
996.294
1014.94
912.769
903.537
866.849
1048.77
880.423
835.825
1010.36
840.202
741.586
738.334
733.64
942.232
954.063
728.237
723.225
709.897
805.304
867.853
687.693
719.489
819.088
1212.29
1033.13
744.576
1017.44
763.221
1247.62
723.863
700.536
1002.35
756.797
716.479
921.577
1090.57
726.949
878.915
683.979
855.936
710.651
709.674
851.077
1886.17
1006.69
1027.45
1744.18
1675.19
925.428
1595.41
1430.71
989.983
1268.04
1268.45
997.366
1182.3
927.227
680.469
1047.59
1141.83
1096.94
1012.88
1116.5
1085.82
1072.62
1239.26
1415.6
947.814
920.197
1010.64
1183.45
940.096
927.452
962.831
949.278
993.764
972.915
903.591
931.321
1004.66
972.677
642.166
950.497
707.742
935.293
919.952
923.758
924.615
1090.82
927.991
867.288
930.232
990.551
935.677
943.749
732.551
1006.05
951.209
1170.75
977.497
985.087
933.284
975.967
986.216
991.162
711.041
999.086
982.384
1121.69
927.597
991.45
701.102
1003.87
1003.7
1027.27
992.429
1743.15
992.735
1005.22
940.81
958.859
998.922
921.788
994.367
949.045
930.399
951.74
982.249
979.64
985.299
982.246
1035.32
978.693
955.427
932.534
926.91
991.407
883.478
895.601
878.277
1200.76
923.624
1007.92
855.869
904.897
1092.62
998.896
896.846
971.06
966.2
923.871
978.847
964.651
999.658
850.663
844.217
838.629
1086.37
836.592
820.799
1349.28
1029.02
805.119
777.092
989.872
1152.53
762.778
758.42
724.449
733.495
698.517
809.981
722.862
706.391
749.748
723.914
704.12
709.199
683.878
658.41
661.619
1095.97
692.175
681.7
644.704
1171.55
918.794
849.6
993.593
690.394
1007.01
689.376
634.635
602.765
590.538
682.373
931.172
566.269
684.962
746.902
590.879
1293.87
765.243
591.188
1532.31
904.27
1136.36
928.194
1092.56
543.205
998.814
1070.36
740.664
1099.59
1886.17
1642.33
1430.32
1079.35
851.843
1390.73
1155.7
1143.1
988.204
713.041
1112.05
974.527
948.803
1121.75
1033.1
1279.57
1022.07
1046.17
825.177
805.089
942.679
1001.26
963.073
933.33
904.532
920.663
908.266
946.237
955.059
986.344
1055.9
882.963
1001.65
993.456
1007.24
982.676
1129.98
981.541
1089.2
935.131
914.353
949.879
944.545
1730.59
971.219
986.093
781.298
1014.4
1002.6
995.636
1370.38
1212.5
993.779
962.074
997.124
988.541
1055.63
989.002
900.276
877.122
915.594
899.552
1093.72
889.989
850.608
851.489
1642.33
1580.18
1532.31
1493.56
1021.32
1409.74
1388.83
582.907
1353.99
1285.7
1069.37
1270.92
986.083
1264.59
923.871
1138.94
1258.9
965.774
1253.77
1222.05
1284.02
1187.69
1143.9
1084
1037.96
992.68
1038.97
823.185
1030.67
954.96
894.573
816.424
1095.84
929.495
